# z u u_p F_integral F_diff k du_dz
0.000000000000000000e+00 2.561693094719100596e-06 2.561696520395968049e-06 0.000000000000000000e+00 0.000000000000000000e+00 1.999999999999999147e+02 0.000000000000000000e+00
5.000000000000000104e-03 2.561693094719100596e-06 2.561696514198121248e-06 1.795226483149134356e-02 1.196817641652984758e-02 1.999999996999999041e+02 -8.377723479004303350e-11
1.000000000000000021e-02 2.561692256946752696e-06 2.561696421230393395e-06 3.981475342046204152e-02 3.663907227934402877e-02 1.999999951999995744e+02 -2.564734998000434835e-10
1.499999999999999944e-02 2.561690529984102596e-06 2.561696018370263648e-06 6.993218518424326735e-02 6.699069631697278371e-02 1.999999757000004479e+02 -4.689348172432232422e-10
2.000000000000000042e-02 2.561687567598580264e-06 2.561694933747029814e-06 1.127319212816357830e-01 1.096105400395914753e-01 1.999999232000093912e+02 -7.672734856440445754e-10
2.500000000000000139e-02 2.561682857249246155e-06 2.561692646742364002e-06 1.725181393193446211e-01 1.690693211676744245e-01 1.999998125000584537e+02 -1.183484138656646658e-09
2.999999999999999889e-02 2.561675732757193697e-06 2.561688487991727591e-06 2.535589594609271025e-01 2.497125995667977827e-01 1.999996112002518771e+02 -1.747984798880730618e-09
3.500000000000000333e-02 2.561665377401257348e-06 2.561681639387293073e-06 3.601098139946340426e-01 3.558268935577946768e-01 1.999992797008643777e+02 -2.490779284341427722e-09
4.000000000000000083e-02 2.561650824964350283e-06 2.561671134083107563e-06 4.964215349387166021e-01 4.916780041329226747e-01 1.999987712025156554e+02 -3.441724882886147935e-09
4.499999999999999833e-02 2.561630960152428487e-06 2.561655856503583037e-06 6.667434490683541437e-01 6.615233753275756579e-01 1.999980317064562314e+02 -4.630618054766424876e-09
5.000000000000000278e-02 2.561604518783802619e-06 2.561634542356430096e-06 8.753245976128930517e-01 8.696168341114542955e-01 1.999970000149999123e+02 -6.087226529469144361e-09
5.500000000000000028e-02 2.561570087887133795e-06 2.561605778651360459e-06 1.126414205844131100e+00 1.120210605661368986e+00 1.999956077321529051e+02 -7.841302030353697826e-09
5.999999999999999778e-02 2.561526105763499082e-06 2.561568003726173882e-06 1.424261848422642585e+00 1.417556232815913697e+00 1.999937792644964816e+02 -9.922584991227894171e-09
6.500000000000000222e-02 2.561470862037221516e-06 2.561519507281821509e-06 1.773117495367220409e+00 1.765905020867872377e+00 1.999914318223582370e+02 -1.236080557549800189e-08
7.000000000000000666e-02 2.561402497707744102e-06 2.561458430428440843e-06 2.177231516476999751e+00 2.169508266655836071e+00 1.999884754213658766e+02 -1.518568277318927567e-08
7.499999999999999722e-02 2.561319005209489624e-06 2.561382765744360486e-06 2.640854676583932914e+00 2.632617387117084373e+00 1.999848128844296582e+02 -1.842692234456171866e-08
8.000000000000000167e-02 2.561218228484298484e-06 2.561290357350348079e-06 3.168238134217841395e+00 3.159484000498264056e+00 1.999803398442377329e+02 -2.211421394532261117e-08
8.500000000000000611e-02 2.561097863070036397e-06 2.561178901001543028e-06 3.763633448109168445e+00 3.754359985697904190e+00 1.999749447463487684e+02 -2.627722757442443977e-08
8.999999999999999667e-02 2.560955456208554240e-06 2.561045944199646014e-06 4.431292592405585040e+00 4.421497532368361405e+00 1.999685088529641348e+02 -3.094560939556666515e-08
9.500000000000000111e-02 2.560788406976080731e-06 2.560888886328177025e-06 5.175467980191379880e+00 5.165149187993554492e+00 1.999609062474788743e+02 -3.614897693871172433e-08
1.000000000000000056e-01 2.560593966439167123e-06 2.560704978813758481e-06 6.000412494598548641e+00 5.989567905182528129e+00 1.999520038398971451e+02 -4.191691366717335528e-08
1.049999999999999961e-01 2.560369237839408997e-06 2.560491325316591338e-06 6.910379526842030273e+00 6.899007091114717660e+00 1.999416613732442158e+02 -4.827896288681443149e-08
1.100000000000000006e-01 2.560111176810298979e-06 2.560244881953411530e-06 7.909623020589095610e+00 7.897720659918979536e+00 1.999297314310587126e+02 -5.526462096592938398e-08
1.150000000000000050e-01 2.559816591629749703e-06 2.559962457556451651e-06 9.002397522111930783e+00 8.989963088541186309e+00 1.999160594460992968e+02 -6.290332983294633258e-08
1.199999999999999956e-01 2.559482143511969515e-06 2.559640713972096311e-06 1.019295823591398076e+01 1.017998947652258046e+01 1.999004837103835257e+02 -7.122446871832171828e-08
1.250000000000000000e-01 2.559104346942566486e-06 2.559276166403093179e-06 1.148556108564988421e+01 1.147205560977399230e+01 1.998828353866925056e+02 -8.025734510484029477e-08
1.300000000000000044e-01 2.558679570060921112e-06 2.558865183798334257e-06 1.288446278005580403e+01 1.287041802853195094e+01 1.998629385216732430e+02 -9.003118485146507336e-08
1.350000000000000089e-01 2.558204035094051835e-06 2.558403989294466243e-06 1.439392088371915079e+01 1.437933409965773635e+01 1.998406100606772213e+02 -1.005751214559665187e-07
1.400000000000000133e-01 2.557673818846361447e-06 2.557888660713706203e-06 1.601819389265320126e+01 1.600306209311839822e+01 1.998156598644936537e+02 -1.119181844196121174e-07
1.449999999999999900e-01 2.557084853249855714e-06 2.557315131122432259e-06 1.776154131446574169e+01 1.774586126261162988e+01 1.997878907281155705e+02 -1.240892866783832864e-07
1.499999999999999944e-01 2.556432925979577614e-06 2.556679189455313896e-06 1.962822375289806232e+01 1.961199193050614653e+01 1.997570984017129376e+02 -1.371172110670500633e-07
1.549999999999999989e-01 2.555713681139185214e-06 2.555976481209910740e-06 2.162250299659219266e+01 2.160571557665898723e+01 1.997230716139640094e+02 -1.510305957785800169e-07
1.600000000000000033e-01 2.554922620021791814e-06 2.555202509216852088e-06 2.374864211186968532e+01 2.373129493107326837e+01 1.996855920979207042e+02 -1.658579187846612483e-07
1.650000000000000078e-01 2.554055101951338601e-06 2.554352634490869541e-06 2.601090553923002346e+01 2.599299407013674212e+01 1.996444346195951880e+02 -1.816274811821029121e-07
1.700000000000000122e-01 2.553106345209970785e-06 2.553422077168141884e-06 2.841355919316143641e+01 2.839507851607576328e+01 1.995993670094247250e+02 -1.983673894297072790e-07
1.750000000000000167e-01 2.552071428057041528e-06 2.552405917535601467e-06 3.096087056485642464e+01 3.094181533926194305e+01 1.995501501968271327e+02 -2.161055364409273424e-07
1.799999999999999933e-01 2.550945289845561511e-06 2.551299097157997945e-06 3.365710882735310605e+01 3.363747326272599736e+01 1.994965382480264395e+02 -2.348695814963534193e-07
1.849999999999999978e-01 2.549722732242077994e-06 2.550096420108725237e-06 3.650654494253457472e+01 3.648632276862601742e+01 1.994382784073432617e+02 -2.546869289436297357e-07
1.900000000000000022e-01 2.548398420556125214e-06 2.548792554310508668e-06 3.951345176919466695e+01 3.949263620566659938e+01 1.993751111421771327e+02 -2.755847056480821176e-07
1.950000000000000067e-01 2.546966885185597173e-06 2.547382032992377445e-06 4.268210417142984170e+01 4.266068789673572326e+01 1.993067701918500916e+02 -2.975897371601331193e-07
2.000000000000000111e-01 2.545422523184523883e-06 2.545859256269314187e-06 4.601677912640513313e+01 4.599475424595481599e+01 1.992329826205693450e+02 -3.207285225662585447e-07
2.050000000000000155e-01 2.543759599959934588e-06 2.544218492851356928e-06 4.952175583043815266e+01 4.949911384393375613e+01 1.991534688746969266e+02 -3.450272079885029008e-07
2.099999999999999922e-01 2.541972251104638854e-06 2.542453881888893423e-06 5.320131580219629086e+01 5.317804757015812100e+01 1.990679428445625945e+02 -3.705115586998583132e-07
2.149999999999999967e-01 2.540054484372936004e-06 2.540559434961224733e-06 5.705974298153441993e+01 5.703583869094494929e+01 1.989761119310507240e+02 -3.972069298207785506e-07
2.200000000000000011e-01 2.538000181806431068e-06 2.538529038215554227e-06 6.110132382256404071e+01 6.107677295165324693e+01 1.988776771171910980e+02 -4.251382355653608860e-07
2.250000000000000056e-01 2.535803102017282396e-06 2.536356454663697096e-06 6.533034737909822809e+01 6.530513866119369482e+01 1.987723330449951504e+02 -4.543299170029333107e-07
2.300000000000000100e-01 2.533456882636401735e-06 2.534035326644081137e-06 6.975110538054116205e+01 6.972522676687363230e+01 1.986597680977770324e+02 -4.848059083025210372e-07
2.350000000000000144e-01 2.530955042934257185e-06 2.531559178456648989e-06 7.436789229613755481e+01 7.434133091768721613e+01 1.985396644882113435e+02 -5.165896014301649716e-07
2.399999999999999911e-01 2.528290986622100086e-06 2.528921419178469341e-06 7.918500538500991581e+01 7.915774751335696635e+01 1.984116983523801991e+02 -5.497038092655920035e-07
2.449999999999999956e-01 2.525458004841601265e-06 2.526115345668085716e-06 8.420674472934778976e+01 8.417877573642680034e+01 1.982755398500536046e+02 -5.841707271069815973e-07
2.500000000000000000e-01 2.522449279351030270e-06 2.523134145766697077e-06 8.943741324789202451e+01 8.940871756459694097e+01 1.981308532714838009e+02 -6.200118925343942896e-07
2.550000000000000044e-01 2.519257885916257322e-06 2.519970901704419510e-06 9.488131668624738779e+01 9.485187775999047233e+01 1.979772971509517276e+02 -6.572481436015383140e-07
2.600000000000000089e-01 2.515876797915014886e-06 2.516618593720141241e-06 1.005427635805361319e+02 1.005125638316240924e+02 1.978145243873540551e+02 -6.958995753257199798e-07
2.650000000000000133e-01 2.512298890163000122e-06 2.513070103903447240e-06 1.064260651904675541e+02 1.063950859672237499e+02 1.976421823720887403e+02 -7.359854944479833654e-07
2.700000000000000178e-01 2.508516942970535053e-06 2.509318220267370901e-06 1.125355353972876458e+02 1.125037569299353066e+02 1.974599131245097965e+02 -7.775243724348096140e-07
2.750000000000000222e-01 2.504523646438652026e-06 2.505355641060839941e-06 1.188754905619823319e+02 1.188428919153068648e+02 1.972673534352368563e+02 -8.205337966952872149e-07
2.800000000000000266e-01 2.500311605003582181e-06 2.501174979329739608e-06 1.254502493385096926e+02 1.254168083631689257e+02 1.970641350175851301e+02 -8.650304199863941088e-07
2.850000000000000311e-01 2.495873342238788085e-06 2.496768767735747916e-06 1.322641324363063404e+02 1.322298257187290176e+02 1.968498846674091283e+02 -9.110299079813194390e-07
2.899999999999999800e-01 2.491201305923768986e-06 2.492129463642146768e-06 1.393214623259245286e+02 1.392862651369050582e+02 1.966242244316237873e+02 -9.585468849782515226e-07
2.949999999999999845e-01 2.486287873389005570e-06 2.487249454475918715e-06 1.466265628808907877e+02 1.465904491226959863e+02 1.963867717857042976e+02 -1.007594877723797536e-06
2.999999999999999889e-01 2.481125357146531011e-06 2.482121063375680062e-06 1.541837589485717217e+02 1.541467011005558447e+02 1.961371398204409502e+02 -1.058186257331680211e-06
3.049999999999999933e-01 2.475706010815688768e-06 2.476736555134852812e-06 1.619973758419773446e+02 1.619593449047005151e+02 1.958749374382249755e+02 -1.110332179276043941e-06
3.099999999999999978e-01 2.470022035353770572e-06 2.471088142449856568e-06 1.700717387437240404e+02 1.700327041814162499e+02 1.955997695591682373e+02 -1.164042521439253260e-06
3.150000000000000022e-01 2.464065585601296235e-06 2.465167992482956229e-06 1.784111720128098568e+02 1.783711016943125287e+02 1.953112373373311925e+02 -1.219325820199868837e-06
3.200000000000000067e-01 2.457828777151771883e-06 2.458968233749610551e-06 1.870199983838913909e+02 1.869788585219218078e+02 1.950089383873443296e+02 -1.276189204543309768e-06
3.250000000000000111e-01 2.451303693555863138e-06 2.452480963340172562e-06 1.959025380479921239e+02 1.958602931366380062e+02 1.946924670217068467e+02 -1.334638328182835465e-06
3.300000000000000155e-01 2.444482393869943528e-06 2.445698254485855937e-06 2.050631076025421464e+02 2.050197203530893546e+02 1.943614144990531827e+02 -1.394677299680936868e-06
3.350000000000000200e-01 2.437356920559053769e-06 2.438612164478965697e-06 2.145060188578761711e+02 2.144614501327815788e+02 1.940153692836607036e+02 -1.456308610561734922e-06
3.400000000000000244e-01 2.429919307764326179e-06 2.431214742957290822e-06 2.242355774859876192e+02 2.241897862310267726e+02 1.936539173164690055e+02 -1.519533061409304096e-06
3.450000000000000289e-01 2.422161589944960728e-06 2.423498040562760484e-06 2.342560814963125324e+02 2.342090246708595203e+02 1.932766422979159131e+02 -1.584349685948871657e-06
3.500000000000000333e-01 2.414075810904837463e-06 2.415454117984267001e-06 2.445718195221739393e+02 2.445234520275633940e+02 1.928831259828198768e+02 -1.650755673111527948e-06
3.549999999999999822e-01 2.405654033213845448e-06 2.407075055394678854e-06 2.551870689000562891e+02 2.551373435059627752e+02 1.924729484876173728e+02 -1.718746287086174630e-06
3.599999999999999867e-01 2.396888348033975716e-06 2.398352962291929088e-06 2.661060935225540902e+02 2.660549607914369972e+02 1.920456886101969474e+02 -1.788314785367265913e-06
3.649999999999999911e-01 2.387770885360172789e-06 2.389279987754061840e-06 2.773331414442903906e+02 2.772805496537675936e+02 1.916009241625823165e+02 -1.859452334808973044e-06
3.699999999999999956e-01 2.378293824685885986e-06 2.379848331117974484e-06 2.888724422184036484e+02 2.888183372815846610e+02 1.911382323167447055e+02 -1.932147925703220931e-06
3.750000000000000000e-01 2.368449406103140580e-06 2.370050253091557738e-06 3.007282039395566358e+02 3.006725293233428715e+02 1.906571899637576166e+02 -2.006388283902942125e-06
3.800000000000000044e-01 2.358229941846856565e-06 2.359878087308673075e-06 3.129046099674333732e+02 3.128473066087398706e+02 1.901573740865556772e+02 -2.082157781016933249e-06
3.850000000000000089e-01 2.347627828292971248e-06 2.349324252336389806e-06 3.254058153027375511e+02 3.253468215226332063e+02 1.896383621465185740e+02 -2.159438342709475207e-06
3.900000000000000133e-01 2.336635558419761813e-06 2.338381264143493878e-06 3.382359425853921948e+02 3.381751940011291708e+02 1.890997324840981264e+02 -2.238209355143003056e-06
3.950000000000000178e-01 2.325245734741541217e-06 2.327041749039290949e-06 3.513990776824026625e+02 3.513365071174367813e+02 1.885410647337100158e+02 -2.318447569611047643e-06
4.000000000000000222e-01 2.313451082723651336e-06 2.315298457091155463e-06 3.648992648303262740e+02 3.648348022223324278e+02 1.879619402530813375e+02 -2.400127005414557963e-06
4.050000000000000266e-01 2.301244464687395637e-06 2.303144276029198617e-06 3.787405012943973475e+02 3.786740736012656612e+02 1.873619425672504235e+02 -2.483218851042548250e-06
4.100000000000000311e-01 2.288618894213225854e-06 2.290572245645882257e-06 3.929267315036132686e+02 3.928582626075331063e+02 1.867406578273910043e+02 -2.567691363728982925e-06
4.150000000000000355e-01 2.275567551050105808e-06 2.277575572698080425e-06 4.074618406178618102e+02 4.073912512275832114e+02 1.860976752846266038e+02 -2.653509767466198091e-06
4.199999999999999845e-01 2.262083796538563873e-06 2.264147646318503757e-06 4.223496474797186693e+02 4.222768550310620412e+02 1.854325877789867434e+02 -2.740636149565365073e-06
4.249999999999999889e-01 2.248161189554452157e-06 2.250282053942963121e-06 4.375938968998611927e+02 4.375188154546884789e+02 1.847449922436303495e+02 -2.829029355866656382e-06
4.299999999999999933e-01 2.233793502979897309e-06 2.235972597759254368e-06 4.531982512212462666e+02 4.531207913649478769e+02 1.840344902244661967e+02 -2.918644884713421199e-06
4.349999999999999978e-01 2.218974740707317945e-06 2.221213311682777710e-06 4.691662811027979956e+02 4.690863498405658447e+02 1.833006884152601117e+02 -3.009434779819204097e-06
4.400000000000000022e-01 2.203699155181705268e-06 2.205998478863240412e-06 4.855014554587860971e+02 4.854189561108578914e+02 1.825431992083119610e+02 -3.101347522169230908e-06
4.450000000000000067e-01 2.187961265485625636e-06 2.190322649725938486e-06 5.022071304851469336e+02 5.021219625812939853e+02 1.817616412607654013e+02 -3.194327921114841593e-06
4.500000000000000111e-01 2.171755875970556852e-06 2.174180660550134363e-06 5.192865376985884041e+02 5.191985968722638063e+02 1.809556400765877981e+02 -3.288317004836036539e-06
4.550000000000000155e-01 2.155078095437265271e-06 2.157567652586054336e-06 5.367427709086471168e+02 5.366519487910640009e+02 1.801248286042367397e+02 -3.383251910364200990e-06
4.600000000000000200e-01 2.137923356866914842e-06 2.140479091710781078e-06 5.545787720365757423e+02 5.544849561511668981e+02 1.792688478500150211e+02 -3.479065773378502288e-06
4.650000000000000244e-01 2.120287437703480248e-06 2.122910788622099320e-06 5.727973156881241721e+02 5.727003893459603887e+02 1.783873475070598431e+02 -3.575687618009021007e-06
4.700000000000000289e-01 2.102166480686824632e-06 2.104858919567900134e-06 5.914009923800396109e+02 5.913008345767244691e+02 1.774799865999406734e+02 -3.673042246902377618e-06
4.750000000000000333e-01 2.083557015234456472e-06 2.086320047607218672e-06 6.103921903122245567e+02 6.102886756270330579e+02 1.765464341447415961e+02 -3.771050131830434312e-06
4.799999999999999822e-01 2.064455979368520289e-06 2.067291144397220917e-06 6.297730755688820636e+02 6.296660740668629614e+02 1.755863698245422029e+02 -3.869627305147512085e-06
4.849999999999999867e-01 2.044860742182981351e-06 2.047769612498637703e-06 6.495455706226831580e+02 6.494349477605917400e+02 1.745994846801308711e+02 -3.968685252429345839e-06
4.899999999999999911e-01 2.024769126844226831e-06 2.027753308190024131e-06 6.697113310059028208e+02 6.695969475430291595e+02 1.735854818157792465e+02 -4.068130806657112284e-06
4.949999999999999956e-01 2.004179434116410228e-06 2.007240564779013449e-06 6.902717200014415084e+02 6.901534319165650686e+02 1.725440771198483390e+02 -4.167866044339892730e-06
5.000000000000000000e-01 1.983090466400827903e-06 1.986230216396257320e-06 7.112277811947780037e+02 7.111054396104007083e+02 1.714749999999993690e+02 -4.267788184001755422e-06
5.050000000000000044e-01 1.961501552276392674e-06 1.964721622255012279e-06 7.325802087146583972e+02 7.324536598301762069e+02 1.703779941326888832e+02 -4.367789487495429157e-06
5.100000000000000089e-01 1.939412571525873612e-06 1.942714691356486184e-06 7.543293149761308314e+02 7.541984000116922289e+02 1.692528182266389649e+02 -4.467757164640030656e-06
5.150000000000000133e-01 1.916823980629992367e-06 1.920209907617761769e-06 7.764749957239251898e+02 7.763395508767820274e+02 1.680992467999097073e+02 -4.567573281717852866e-06
5.200000000000000178e-01 1.893736838708695083e-06 1.897208355395665337e-06 7.990166921567193867e+02 7.988765485723868096e+02 1.669170709701434987e+02 -4.667114674405413091e-06
5.250000000000000222e-01 1.870152833885938236e-06 1.873711745376189875e-06 8.219533498939393894e+02 8.218083336546631017e+02 1.657060992575324860e+02 -4.766252865753643346e-06
5.300000000000000266e-01 1.846074310051158650e-06 1.849722440794878302e-06 8.452833745255938993e+02 8.451333066589320424e+02 1.644661584000001255e+02 -4.864853989872932317e-06
5.350000000000000311e-01 1.821504293987208913e-06 1.825243483949196118e-06 8.690045834622056873e+02 8.688492799730954630e+02 1.631970941800231003e+02 -4.962778722020508199e-06
5.400000000000000355e-01 1.796446522830953568e-06 1.800278622958959565e-06 8.931141537757504238e+02 8.929534257055787521e+02 1.618987722625017227e+02 -5.059882215826488167e-06
5.450000000000000400e-01 1.770905471828944032e-06 1.774832338725693706e-06 9.176085656929717516e+02 9.174422192098957112e+02 1.605710790429902204e+02 -5.156014048434497816e-06
5.500000000000000444e-01 1.744886382346608589e-06 1.748909872036089236e-06 9.424835413694547697e+02 9.423113778946972161e+02 1.592139225055814507e+02 -5.251018174368889902e-06
5.550000000000000488e-01 1.718395290085255133e-06 1.722517250748486089e-06 9.677339785351109640e+02 9.675557949106018896e+02 1.578272330896523101e+02 -5.344732888970978984e-06
5.600000000000000533e-01 1.691439053456898800e-06 1.695661316994746587e-06 9.933538785588365272e+02 9.931694672623722226e+02 1.564109645646279318e+02 -5.436990802272585453e-06
5.650000000000000577e-01 1.664025382062529278e-06 1.668349754322603339e-06 1.019336268431087433e+03 1.019145417845905740e+03 1.549650949118550045e+02 -5.527618824191551330e-06
5.700000000000000622e-01 1.636162865214983286e-06 1.640591114695823345e-06 1.045673116106405132e+03 1.045475610853195803e+03 1.534896272126048018e+02 -5.616438161940454717e-06
5.750000000000000666e-01 1.607861000443124731e-06 1.612394845261195156e-06 1.072355238582655147e+03 1.072150859923058306e+03 1.519845905411713716e+02 -5.703264330531978283e-06
5.799999999999999600e-01 1.579130221909663503e-06 1.583771314782296656e-06 1.099372202018016424e+03 1.099160728340089690e+03 1.504500408619257712e+02 -5.787907177240670206e-06
5.849999999999999645e-01 1.549981928670718029e-06 1.554731839630345296e-06 1.126712213098725897e+03 1.126493420496235558e+03 1.488860619291509124e+02 -5.870170920837425585e-06
5.899999999999999689e-01 1.520428512701289248e-06 1.525288709212063007e-06 1.154362000768588132e+03 1.154135663727765632e+03 1.472927661883779820e+02 -5.949854206349277101e-06
5.949999999999999734e-01 1.490483386607225258e-06 1.495455210703309099e-06 1.182306687312928261e+03 1.182072579522615797e+03 1.456702956778657381e+02 -6.026750176011491002e-06
5.999999999999999778e-01 1.460161010941174338e-06 1.465245652945362010e-06 1.210529647653276015e+03 1.210287542956453308e+03 1.440188229287936679e+02 -6.100646556968956125e-06
6.049999999999999822e-01 1.429476921037535697e-06 1.434675389347966623e-06 1.239012355552822555e+03 1.238762029060450459e+03 1.423385518626401733e+02 -6.171325766161160909e-06
6.099999999999999867e-01 1.398447753279562729e-06 1.403760839629664114e-06 1.267734215255537265e+03 1.267475444646924871e+03 1.406297186841275391e+02 -6.238565032690777467e-06
6.149999999999999911e-01 1.367091270710627922e-06 1.372519510211463079e-06 1.296672376883981769e+03 1.296404943921452286e+03 1.388925927680211601e+02 -6.302136537848605102e-06
6.199999999999999956e-01 1.335426387901076677e-06 1.340970013064542551e-06 1.325801533704436224e+03 1.325525225994265156e+03 1.371274775379901314e+02 -6.361807572874875511e-06
6.250000000000000000e-01 1.303473194981879167e-06 1.309132082796321726e-06 1.355093699137604517e+03 1.354808312174247931e+03 1.353347113355991382e+02 -6.417340714511023917e-06
6.300000000000000044e-01 1.271252980755966438e-06 1.277026591741991984e-06 1.384517961157780519e+03 1.384223300693671263e+03 1.335146682774363569e+02 -6.468494018490474526e-06
6.350000000000000089e-01 1.238788254796974422e-06 1.244675562810415919e-06 1.414040211497462224e+03 1.413736096286506836e+03 1.316677590982471600e+02 -6.515021231402184717e-06
6.400000000000000133e-01 1.206102768441944591e-06 1.212102179814111289e-06 1.443622846879368808e+03 1.443309111848934663e+03 1.297944319778432032e+02 -6.556672021930724342e-06
6.450000000000000178e-01 1.173221534577667178e-06 1.179330794992959976e-06 1.473224439364416639e+03 1.472900939277300267e+03 1.278951733494373428e+02 -6.593192233439679477e-06
6.500000000000000222e-01 1.140170846107547796e-06 1.146386933420329170e-06 1.502799372874604387e+03 1.502465986549327681e+03 1.259705086869380324e+02 -6.624324161365434704e-06
6.550000000000000266e-01 1.106978292964012831e-06 1.113297293958435168e-06 1.532297443079027062e+03 1.531954078243554932e+03 1.240210032686022572e+02 -6.649806861081737470e-06
6.600000000000000311e-01 1.073672777496730422e-06 1.080089746407239581e-06 1.561663418189551749e+03 1.561310017048887630e+03 1.220472629143436905e+02 -6.669376494954740502e-06
6.650000000000000355e-01 1.040284528014465426e-06 1.046793324467893383e-06 1.590836558885842805e+03 1.590473104488374702e+03 1.200499346938218252e+02 -6.682766731413829287e-06
6.700000000000000400e-01 1.006845110182592129e-06 1.013438214118040428e-06 1.619750096678725640e+03 1.619376620167339979e+03 1.180297076023407499e+02 -6.689709214174628813e-06
6.750000000000000444e-01 9.733874358727191380e-07 9.800557369721677648e-07 1.648330671640747141e+03 1.647947260472319158e+03 1.159873132014194539e+02 -6.689934126393841961e-06
6.800000000000000488e-01 9.399457689186537092e-07 9.466783281759916623e-07 1.676497732706144234e+03 1.676104539914813813e+03 1.139235262207598112e+02 -6.683170882560192716e-06
6.850000000000000533e-01 9.065557270471172108e-07 9.133395083598646608e-07 1.704162906793230604e+03 1.703760161357585503e+03 1.118391651181839563e+02 -6.669148990274915834e-06
6.900000000000000577e-01 8.732542790159045509e-07 8.800738491526523353e-07 1.731229346943526252e+03 1.730817365292852173e+03 1.097350925939675648e+02 -6.647599134528033699e-06
6.950000000000000622e-01 8.400797357018368696e-07 8.469169317349461367e-07 1.757591074590491417e+03 1.757170273248877947e+03 1.076122160558203262e+02 -6.618254548210308640e-06
7.000000000000000666e-01 8.070717335338014602e-07 8.139052978893111145e-07 1.783132337007306887e+03 1.782703246323959092e+03 1.054714880306177065e+02 -6.580852743738026749e-06
7.049999999999999600e-01 7.742712082644566021e-07 7.810763929861955287e-07 1.807727007909414397e+03 1.807290286757403237e+03 1.033139065187994419e+02 -6.535137690843600390e-06
7.099999999999999645e-01 7.417203566253654521e-07 7.484685003276905672e-07 1.831238066979928590e+03 1.830794518221950739e+03 1.011405152871953135e+02 -6.480862533527919640e-06
7.149999999999999689e-01 7.094625829291774057e-07 7.161206662586121985e-07 1.853517202500199119e+03 1.853067788918111546e+03 9.895240409584104668e+01 -6.417792943310408047e-06
7.199999999999999734e-01 6.775424271922613716e-07 6.840726154460924628e-07 1.874404589914769076e+03 1.873950450180111147e+03 9.675070885417054001e+01 -6.345711204438120655e-06
7.249999999999999778e-01 6.460054708847961949e-07 6.523646557264414998e-07 1.893728907489122548e+03 1.893271371616381884e+03 9.453661170178314421e+01 -6.264421117661008369e-06
7.299999999999999822e-01 6.148982160156512837e-07 6.210375719224948853e-07 1.911307657510967374e+03 1.910848261088305435e+03 9.231134100877214621e+01 -6.173753790586963717e-06
7.349999999999999867e-01 5.842679329789265577e-07 5.901325080478645048e-07 1.926947866863403988e+03 1.926488363202623987e+03 9.007617129042004933e+01 -6.073574352749417370e-06
7.399999999999999911e-01 5.541624724881571058e-07 5.596908373378483255e-07 1.940447243252989438e+03 1.939989612451431412e+03 8.783242303083454772e+01 -5.963789591069060727e-06
7.449999999999999956e-01 5.246300370682359505e-07 5.297540195825465484e-07 1.951595861821710287e+03 1.951142315593910098e+03 8.558146240990755871e+01 -5.844356445843307464e-06
7.500000000000000000e-01 4.957189080297240311e-07 5.003634452879853438e-07 1.960178450224342896e+03 1.959731431255670486e+03 8.332470092773426984e+01 -5.715291239282077458e-06
7.550000000000000044e-01 4.674771246754151759e-07 4.715602662583988693e-07 1.965977327529703189e+03 1.965539502042529875e+03 8.106359492042922454e+01 -5.576679429778723265e-06
7.600000000000000089e-01 4.399521137319367942e-07 4.433852122800748827e-07 1.968776032750623926e+03 1.968350274973686510e+03 7.879964496101584359e+01 -5.428685598939554211e-06
7.650000000000000133e-01 4.131902686860196359e-07 4.158783936973732200e-07 1.968363652029582681e+03 1.967953019338594686e+03 7.653439513885200540e+01 -5.271563289886490054e-06
7.700000000000000178e-01 3.872364808330718937e-07 3.890790898080905195e-07 1.964539819608646212e+03 1.964147517277060160e+03 7.426943221078207102e+01 -5.105664231023458196e-06
7.750000000000000222e-01 3.621336263757850539e-07 3.630255231719760651e-07 1.957120327416061627e+03 1.956749662189136870e+03 7.200638461697433002e+01 -4.931446407115394911e-06
7.800000000000000266e-01 3.379220167619179467e-07 3.377546201266569364e-07 1.945943232835186336e+03 1.945597554924821907e+03 6.974692135413093297e+01 -4.749480387754584506e-06
7.850000000000000311e-01 3.146388224982392110e-07 3.133017580437367092e-07 1.930875306154448026e+03 1.930557939744631994e+03 6.749275069848999919e+01 -4.560453300766122034e-06
7.900000000000000355e-01 2.923174837542567285e-07 2.897005001383731227e-07 1.911818611210030440e+03 1.911532774152418597e+03 6.524561877076871497e+01 -4.365169852756251824e-06
7.950000000000000400e-01 2.709871239706766885e-07 2.669823189724304744e-07 1.888716968305315504e+03 1.888465682350534053e+03 6.300730793491342752e+01 -4.164549857033177026e-06
8.000000000000000444e-01 2.506719851839249540e-07 2.451763101681700644e-07 1.861562011504855263e+03 1.861348005126332509e+03 6.077963502223359171e+01 -3.959621834032937265e-06
8.050000000000000488e-01 2.313909056303473180e-07 2.243088982797897006e-07 1.830398526863565394e+03 1.830224133445894722e+03 5.856444937219293934e+01 -3.751512401103522655e-06
8.100000000000000533e-01 2.131568611728897274e-07 2.044035372566078867e-07 1.795328747855341589e+03 1.795195802688439926e+03 5.636363068083890937e+01 -3.541431362788318038e-06
8.150000000000000577e-01 1.959765920024641355e-07 1.854804084757341638e-07 1.756515292402296836e+03 1.756425032492054015e+03 5.417908664752555126e+01 -3.330652640884445417e-06
8.200000000000000622e-01 1.798503347640452711e-07 1.675561199233916736e-07 1.714182454684431377e+03 1.714135425802982581e+03 5.201275041027240320e+01 -3.120491432509378369e-06
8.250000000000000666e-01 1.647716776773703497e-07 1.506434107600753134e-07 1.668615615203464358e+03 1.668611590805072638e+03 4.986657775976954809e+01 -2.912278237530687092e-06
8.300000000000000711e-01 1.507275523887384002e-07 1.347508662096359994e-07 1.620158603654230546e+03 1.620196520230777423e+03 4.774254412170040496e+01 -2.707330634853017507e-06
8.349999999999999645e-01 1.376983713288401757e-07 1.198826484563780788e-07 1.569208938541180032e+03 1.569286851652359928e+03 4.564264129671157377e+01 -2.506923890156507264e-06
8.399999999999999689e-01 1.256583134871733255e-07 1.060382500022531671e-07 1.516210970936886042e+03 1.516326035510297743e+03 4.356887394699892724e+01 -2.312261626629526959e-06
8.449999999999999734e-01 1.145757550625449039e-07 9.321227670677303592e-08 1.461647071509805755e+03 1.461795549071521691e+03 4.152325581811790300e+01 -2.124447868825901954e-06
8.499999999999999778e-01 1.044138347989143070e-07 8.139426847589196202e-08 1.406027112913085148e+03 1.406204407209309466e+03 3.950780568425612671e+01 -1.944461766532949090e-06
8.549999999999999822e-01 9.513113739721541304e-08 7.056856624407712511e-08 1.349876606047660516e+03 1.350077327105004088e+03 3.752454300481743843e+01 -1.773136215227324785e-06
8.599999999999999867e-01 8.668247264664105861e-08 6.071423445633058167e-08 1.293723940677564087e+03 1.293941995795393723e+03 3.557548327978077651e+01 -1.611141414274881892e-06
8.649999999999999911e-01 7.901972325446659412e-08 5.180504864202325528e-08 1.238087250995559089e+03 1.238315959558238092e+03 3.366263309089399769e+01 -1.458974152902255440e-06
8.699999999999999956e-01 7.209273111761850474e-08 4.380955780463086928e-08 1.183461468810090309e+03 1.183693696249066306e+03 3.178798481535210740e+01 -1.316953303483766312e-06
8.750000000000000000e-01 6.585019021962893153e-08 3.669123114165660390e-08 1.130306136620454936e+03 1.130534441448839743e+03 2.995351099818949692e+01 -1.185221653901944381e-06
8.800000000000000044e-01 6.024051457859906145e-08 3.040869795494313541e-08 1.079034527768652197e+03 1.079251314452275210e+03 2.816115836918312354e+01 -1.063753851525385182e-06
8.850000000000000089e-01 5.521265170437507998e-08 2.491608840031055135e-08 1.030004561418835920e+03 1.030202231022191427e+03 2.641284148962657952e+01 -9.523698880587081859e-07
8.900000000000000133e-01 5.071681569801197986e-08 2.016348083820477029e-08 9.835119092185050249e+02 9.836829993360158824e+02 2.471043601387696853e+01 -8.507532534560919969e-07
8.950000000000000178e-01 4.670511916981415975e-08 1.609745886723923806e-08 9.397855734783598791e+02 9.399228789664661008e+02 2.305577155012363733e+01 -7.584726510264872724e-07
9.000000000000000222e-01 4.313208918774710661e-08 1.266177754834563436e-08 8.989860809967196928e+02 8.990827474642155721e+02 2.145062410434550770e+01 -6.750060119094980169e-07
9.050000000000000266e-01 3.995505905071917984e-08 9.798133789554531067e-09 8.612062912389744724e+02 8.612558740972972373e+02 1.989670809094712922e+01 -5.997654851484602157e-07
9.100000000000000311e-01 3.713443433626250418e-08 7.447030347967498313e-09 8.264746723619547311e+02 8.264711554109734379e+02 1.839566789306524086e+01 -5.321221114348362327e-07
9.150000000000000355e-01 3.463383793637081778e-08 5.548716491897836588e-09 7.947607636288663571e+02 7.946985325434577589e+02 1.694906895503200772e+01 -4.714290079289634048e-07
9.200000000000000400e-01 3.242014425697287014e-08 4.044181252984904787e-09 7.659824276096544509e+02 7.658561951440224220e+02 1.555838838896365672e+01 -4.170420846950624484e-07
9.250000000000000444e-01 3.046341708942019303e-08 2.876167751260948864e-09 7.400144084414193912e+02 7.398190894869171643e+02 1.422500507691385074e+01 -3.683375606382212382e-07
9.300000000000000488e-01 2.873676865059065762e-08 1.990169865542808411e-09 7.166976596484987567e+02 7.164281952301555521e+02 1.295018924948784367e+01 -3.247258249164838411e-07
9.350000000000000533e-01 2.721615884025535462e-08 1.335366347876242921e-09 6.958488904482546786e+02 6.955000200431190933e+02 1.173509152126360355e+01 -2.856614735886335572e-07
9.400000000000000577e-01 2.588015391470432179e-08 8.654433759070352869e-10 6.772698040908475150e+02 6.768357849622528875e+02 1.058073136279580240e+01 -2.506496166094418147e-07
9.450000000000000622e-01 2.470966267416093661e-08 5.392557165191094359e-10 6.607555634862900433e+02 6.602298336451517571e+02 9.487984988402855535e+00 -2.192487762682319763e-07
9.500000000000000666e-01 2.368766615202200202e-08 3.212804164383525610e-10 6.461021128832584282e+02 6.454768902987390220e+02 8.457572638345983052e+00 -1.910708690126343223e-07
9.550000000000000711e-01 2.279895398403459338e-08 1.818263630834043962e-10 6.331121014173041885e+02 6.323779055239779154e+02 7.490045233402801372e+00 -1.657788690942690955e-07
9.599999999999999645e-01 2.202987746107931094e-08 9.697880534094884209e-11 6.215992841546623140e+02 6.207443555727182911e+02 6.585770379223945703e+00 -1.430827926500442632e-07
9.649999999999999689e-01 2.136812605753415075e-08 4.827970331174945461e-11 6.113914063274581849e+02 6.104009855517491587e+02 5.744917697227251985e+00 -1.227346198505419809e-07
9.699999999999999734e-01 2.080253126257389113e-08 2.217092536267079348e-11 6.023316937911056357e+02 6.011870970312820646e+02 4.967443458142470902e+00 -1.045227019293696613e-07
9.749999999999999778e-01 2.032289903824045414e-08 9.254460206485263865e-12 5.942791654169983531e+02 5.929565617576753311e+02 4.253074493659523725e+00 -8.826609500308660615e-08
9.799999999999999822e-01 1.991987031254302507e-08 3.446933683820824877e-12 5.871080421411455745e+02 5.855767836956484871e+02 3.601291360962159516e+00 -7.380914143061010124e-08
9.849999999999999867e-01 1.958480762393435312e-08 1.118860083441898151e-12 5.807065483560652410e+02 5.789268214573761497e+02 3.011310734242293563e+00 -6.101649931283788669e-08
9.899999999999999911e-01 1.930970531941464620e-08 3.069603040446158851e-13 5.749753857788938376e+02 5.728948131683808924e+02 2.482066996589680663e+00 -4.976871578989272566e-08
9.949999999999999956e-01 1.908712046603542587e-08 6.835823618493620929e-14 5.698261153956406133e+02 5.673747026407146450e+02 2.012193004935681095e+00 -3.995835927408878230e-08
1.000000000000000000e+00 1.891012172667375838e-08 1.170087328396601768e-14 5.651907738470324603e+02 5.507345798317538765e+02 1.600000000000000089e+00 -3.084113647057821481e-08
